# FAC 1.1.4
# Energy  = 8.00000E+03 
# ESigma  = 1.20000E+01 
# ETrans  = 0.00000E+00 
# Density = 1.00000E+00 
# IDR     = -1 

  2     3     0 -1  6.66678E+03  5.86443E-03  1.009E+00  2.799E-02
  2     6     0 -1  6.70011E+03  2.27303E-02  1.246E+00  5.922E-01
  2     2     1 -1  2.94373E+01  1.35328E-03  1.000E+00  0.000E+00
  2     3     1 -1  3.15281E+01  5.92303E-08  9.953E-01 -1.419E-02
  2     4     3 -1  7.31959E-01  2.16164E-09  1.000E+00  0.000E+00
  2     5     1 -1  4.61749E+01  1.20633E-03  1.104E+00  2.822E-01
  2     6     1 -1  6.48614E+01  1.66824E-08  8.770E-01 -4.207E-01
  2     6     4 -1  3.26014E+01  2.29524E-08  1.246E+00  5.922E-01
  2     1     0  1  6.63525E+03  4.82628E-03  1.026E+00 -7.590E-02
  2     3     2  1  2.09075E+00  1.07493E-14  1.009E+00 -2.799E-02
  2     4     1  1  3.22600E+01  1.73654E-10  1.000E+00  0.000E+00
  2     5     3  1  1.46469E+01  1.63851E-08  1.104E+00 -2.822E-01
  2     6     2  1  3.54241E+01  1.70744E-12  1.246E+00 -5.922E-01
  2     6     3  1  3.33334E+01  1.02088E-12  8.770E-01  4.207E-01
  2     6     5  1  1.86865E+01  2.76788E-13  1.025E+00 -7.202E-02
  2     5     2 -2  1.67376E+01  7.20107E-13  8.516E-01  5.226E-01
  2     5     3 -2  1.46469E+01  7.65905E-13  9.258E-01  2.404E-01
  2     6     3 -2  3.33334E+01  1.13354E-15  8.770E-01  4.207E-01
  2     6     5 -2  1.86865E+01  2.40783E-17  1.123E+00 -3.285E-01
  2     5     0  2  6.68143E+03  5.32577E-03  8.516E-01 -5.226E-01
  2     3     1  2  3.15281E+01  4.71389E-18  9.953E-01 -1.419E-02
  2     5     1  2  4.61749E+01  1.10813E-12  9.258E-01 -2.404E-01
  2     5     4  2  1.39149E+01  1.83552E-15  8.516E-01 -5.226E-01
  2     6     1  2  6.48614E+01  5.37325E-16  8.770E-01 -4.207E-01
