# FAC 1.1.4
# Energy  = 8.00000E+03 
# ESigma  = 1.20000E+01 
# ETrans  = 0.00000E+00 
# Density = 1.00000E+00 
# IDR     = -1 

  2     3     0 -1  6.66655E+03  5.87456E-03  1.009E+00  2.697E-02
  2     6     0 -1  6.70002E+03  2.27920E-02  1.246E+00  5.929E-01
  2     2     1 -1  2.89736E+01  1.35684E-03  1.000E+00  0.000E+00
  2     3     1 -1  3.10839E+01  5.72788E-08  9.955E-01 -1.367E-02
  2     4     3 -1  1.19567E+00  9.26395E-09  1.000E+00  0.000E+00
  2     5     1 -1  4.57760E+01  1.18865E-03  1.104E+00  2.828E-01
  2     6     1 -1  6.45559E+01  1.65189E-08  8.768E-01 -4.214E-01
  2     6     4 -1  3.22763E+01  2.24680E-08  1.246E+00  5.929E-01
  2     1     0  1  6.63546E+03  4.80779E-03  1.026E+00 -7.526E-02
  2     3     2  1  2.11032E+00  1.11486E-14  1.009E+00 -2.697E-02
  2     4     1  1  3.22796E+01  1.68927E-10  1.000E+00  0.000E+00
  2     5     3  1  1.46921E+01  1.67187E-08  1.104E+00 -2.828E-01
  2     6     2  1  3.55823E+01  1.73661E-12  1.246E+00 -5.929E-01
  2     6     3  1  3.34720E+01  1.03756E-12  8.768E-01  4.214E-01
  2     6     5  1  1.87799E+01  2.82126E-13  1.025E+00 -7.212E-02
  2     5     2 -2  1.68024E+01  7.42700E-13  8.513E-01  5.240E-01
  2     5     3 -2  1.46921E+01  7.87033E-13  9.257E-01  2.409E-01
  2     6     3 -2  3.34720E+01  1.16296E-15  8.768E-01  4.214E-01
  2     6     5 -2  1.87799E+01  2.47972E-17  1.123E+00 -3.290E-01
  2     5     0  2  6.68124E+03  5.36161E-03  8.513E-01 -5.240E-01
  2     3     1  2  3.10839E+01  4.44023E-18  9.955E-01 -1.367E-02
  2     5     1  2  4.57760E+01  1.07311E-12  9.257E-01 -2.409E-01
  2     5     4  2  1.34964E+01  1.59596E-15  8.513E-01 -5.240E-01
  2     6     1  2  6.45559E+01  5.28299E-16  8.768E-01 -4.214E-01
