FAC 1.1.1
Energy  = 1.22400E+04 
ESigma  = 0.00000E+00 
ETrans  = 0.00000E+00 
Density = 1.00000E+00 
IDR     = -1 

  2     3     0 -1  6.66665E+03  4.45918E-03  1.090E+00  2.482E-01
  2     6     0 -1  6.69999E+03  3.11921E-02  1.227E+00  5.542E-01
  2     2     1 -1  2.94162E+01  5.34542E-04  1.000E+00  0.000E+00
  2     3     1 -1  3.15085E+01  4.49113E-08  9.549E-01 -1.417E-01
  2     4     3 -1  7.51504E-01  2.26033E-09  1.000E+00  0.000E+00
  2     5     1 -1  4.61692E+01  4.75150E-04  1.102E+00  2.779E-01
  2     6     1 -1  6.48542E+01  2.29090E-08  8.867E-01 -3.833E-01
  2     6     4 -1  3.25941E+01  3.14775E-08  1.227E+00  5.542E-01
  2     1     0  1  6.63514E+03  2.11818E-03  1.023E+00 -6.716E-02
  2     3     2  1  2.09230E+00  8.18397E-15  1.090E+00 -2.482E-01
  2     4     1  1  3.22600E+01  1.67623E-10  1.000E+00  0.000E+00
  2     5     3  1  1.46607E+01  6.47392E-09  1.102E+00 -2.779E-01
  2     6     2  1  3.54379E+01  2.34824E-12  1.227E+00 -5.542E-01
  2     6     3  1  3.33456E+01  1.40377E-12  8.867E-01  3.833E-01
  2     6     5  1  1.86850E+01  3.80151E-13  1.023E+00 -6.648E-02
  2     5     2 -2  1.67530E+01  2.85046E-13  8.542E-01  5.123E-01
  2     5     3 -2  1.46607E+01  3.03187E-13  9.271E-01  2.360E-01
  2     6     3 -2  3.33456E+01  1.55992E-15  8.867E-01  3.833E-01
  2     6     5 -2  1.86850E+01  3.30625E-17  1.113E+00 -3.053E-01
  2     5     0  2  6.68131E+03  2.09830E-03  8.542E-01 -5.123E-01
  2     3     1  2  3.15085E+01  3.56721E-18  9.549E-01 -1.417E-01
  2     5     1  2  4.61692E+01  4.36363E-13  9.271E-01 -2.360E-01
  2     5     4  2  1.39092E+01  7.21756E-16  8.542E-01 -5.123E-01
  2     6     1  2  6.48542E+01  7.37109E-16  8.867E-01 -3.833E-01
